

# dois_reviews_2017 -------------------------------------------------------



dois_reviews_2017 <- 
  c(
    "http://dx.doi.org/10.1002/14651858.CD003474.pub4",
    "http://dx.doi.org/10.1002/14651858.CD000984.pub3",
    "http://dx.doi.org/10.1002/14651858.CD012539.pub2",
    "http://dx.doi.org/10.1002/14651858.CD000081.pub3",
    "http://dx.doi.org/10.1002/14651858.CD012059.pub2",
    "http://dx.doi.org/10.1002/14651858.CD004174.pub3",
    "http://dx.doi.org/10.1002/14651858.CD001390.pub4",
    "http://dx.doi.org/10.1002/14651858.CD004417.pub5",
    "http://dx.doi.org/10.1002/14651858.CD004125.pub3",
    "http://dx.doi.org/10.1002/14651858.CD012066.pub2",
    "http://dx.doi.org/10.1002/14651858.CD007498.pub3",
    "http://dx.doi.org/10.1002/14651858.CD005261.pub4",
    "http://dx.doi.org/10.1002/14651858.CD006109.pub3",
    "http://dx.doi.org/10.1002/14651858.CD001206.pub3",
    "http://dx.doi.org/10.1002/14651858.CD001939.pub4",
    "http://dx.doi.org/10.1002/14651858.CD008895.pub3",
    "http://dx.doi.org/10.1002/14651858.CD000443.pub4",
    "http://dx.doi.org/10.1002/14651858.CD006067.pub3",
    "http://dx.doi.org/10.1002/14651858.CD006066.pub3",
    "http://dx.doi.org/10.1002/14651858.CD008716.pub3",
    "http://dx.doi.org/10.1002/14651858.CD002001.pub3",
    "http://dx.doi.org/10.1002/14651858.CD009326.pub3",
    "http://dx.doi.org/10.1002/14651858.CD004089.pub3",
    "http://dx.doi.org/10.1002/14651858.CD012119.pub2",
    "http://dx.doi.org/10.1002/14651858.CD000245.pub4",
    "http://dx.doi.org/10.1002/14651858.CD007066.pub3",
    "http://dx.doi.org/10.1002/14651858.CD003351.pub3",
    "http://dx.doi.org/10.1002/14651858.CD000161.pub2",
    "http://dx.doi.org/10.1002/14651858.CD010089.pub3",
    "http://dx.doi.org/10.1002/14651858.CD001100.pub4",
    "http://dx.doi.org/10.1002/14651858.CD006008.pub4",
    "http://dx.doi.org/10.1002/14651858.CD009865.pub2",
    "http://dx.doi.org/10.1002/14651858.CD007938.pub4",
    "http://dx.doi.org/10.1002/14651858.CD001728.pub6",
    "http://dx.doi.org/10.1002/14651858.CD007222.pub4",
    "http://dx.doi.org/10.1002/14651858.CD005302.pub3",
    "http://dx.doi.org/10.1002/14651858.CD006672.pub3",
    "http://dx.doi.org/10.1002/14651858.CD002920.pub4",
    "http://dx.doi.org/10.1002/14651858.CD011558.pub2",
    "http://dx.doi.org/10.1002/14651858.CD012143.pub3",
    "http://dx.doi.org/10.1002/14651858.CD012010.pub2",
    "http://dx.doi.org/10.1002/14651858.CD005494.pub4",
    "http://dx.doi.org/10.1002/14651858.CD001048.pub5",
    "http://dx.doi.org/10.1002/14651858.CD011897.pub2",
    "http://dx.doi.org/10.1002/14651858.CD011764.pub2",
    "http://dx.doi.org/10.1002/14651858.CD003804.pub2",
    "http://dx.doi.org/10.1002/14651858.CD003310.pub2",
    "http://dx.doi.org/10.1002/14651858.CD007759.pub4",
    "http://dx.doi.org/10.1002/14651858.CD011899.pub2",
    "http://dx.doi.org/10.1002/14651858.CD011767.pub2",
    "http://dx.doi.org/10.1002/14651858.CD004197.pub5",
    "http://dx.doi.org/10.1002/14651858.CD011989.pub2",
    "http://dx.doi.org/10.1002/14651858.CD003575.pub6",
    "http://dx.doi.org/10.1002/14651858.CD004064.pub4",
    "http://dx.doi.org/10.1002/14651858.CD009090.pub2",
    "http://dx.doi.org/10.1002/14651858.CD011864.pub2",
    "http://dx.doi.org/10.1002/14651858.CD003347.pub3",
    "http://dx.doi.org/10.1002/14651858.CD007529.pub4",
    "http://dx.doi.org/10.1002/14651858.CD008727.pub4",
    "http://dx.doi.org/10.1002/14651858.CD003211.pub2",
    "http://dx.doi.org/10.1002/14651858.CD000356.pub4",
    "http://dx.doi.org/10.1002/14651858.CD012095.pub2",
    "http://dx.doi.org/10.1002/14651858.CD004408.pub5",
    "http://dx.doi.org/10.1002/14651858.CD004063.pub4",
    "http://dx.doi.org/10.1002/14651858.CD011375.pub2",
    "http://dx.doi.org/10.1002/14651858.CD010172.pub2",
    "http://dx.doi.org/10.1002/14651858.CD004906.pub5",
    "http://dx.doi.org/10.1002/14651858.CD007047.pub2",
    "http://dx.doi.org/10.1002/14651858.CD000222.pub4",
    "http://dx.doi.org/10.1002/14651858.CD004752.pub2",
    "http://dx.doi.org/10.1002/14651858.CD009683.pub2",
    "http://dx.doi.org/10.1002/14651858.CD012330.pub2",
    "http://dx.doi.org/10.1002/14651858.CD009684.pub2",
    "http://dx.doi.org/10.1002/14651858.CD007154.pub3",
    "http://dx.doi.org/10.1002/14651858.CD012331.pub2",
    "http://dx.doi.org/10.1002/14651858.CD001292.pub3",
    "http://dx.doi.org/10.1002/14651858.CD010134.pub2",
    "http://dx.doi.org/10.1002/14651858.CD012538.pub2",
    "http://dx.doi.org/10.1002/14651858.CD010006.pub2",
    "http://dx.doi.org/10.1002/14651858.CD005474.pub2",
    "http://dx.doi.org/10.1002/14651858.CD012462.pub2",
    "http://dx.doi.org/10.1002/14651858.CD007289.pub3",
    "http://dx.doi.org/10.1002/14651858.CD000216.pub2",
    "http://dx.doi.org/10.1002/14651858.CD009555.pub2",
    "http://dx.doi.org/10.1002/14651858.CD001188.pub5",
    "http://dx.doi.org/10.1002/14651858.CD012204.pub2",
    "http://dx.doi.org/10.1002/14651858.CD006437.pub3",
    "http://dx.doi.org/10.1002/14651858.CD009904.pub2",
    "http://dx.doi.org/10.1002/14651858.CD011396.pub2",
    "http://dx.doi.org/10.1002/14651858.CD012592.pub2",
    "http://dx.doi.org/10.1002/14651858.CD003585.pub3",
    "http://dx.doi.org/10.1002/14651858.CD012468.pub2",
    "http://dx.doi.org/10.1002/14651858.CD012202.pub2",
    "http://dx.doi.org/10.1002/14651858.CD003456.pub3",
    "http://dx.doi.org/10.1002/14651858.CD000467.pub2",
    "http://dx.doi.org/10.1002/14651858.CD001798.pub3",
    "http://dx.doi.org/10.1002/14651858.CD008216.pub5",
    "http://dx.doi.org/10.1002/14651858.CD004517.pub3",
    "http://dx.doi.org/10.1002/14651858.CD007733.pub3",
    "http://dx.doi.org/10.1002/14651858.CD012413.pub2",
    "http://dx.doi.org/10.1002/14651858.CD004756.pub4",
    "http://dx.doi.org/10.1002/14651858.CD011747.pub2",
    "http://dx.doi.org/10.1002/14651858.CD003942.pub3",
    "http://dx.doi.org/10.1002/14651858.CD009424.pub2",
    "http://dx.doi.org/10.1002/14651858.CD012591",
    "http://dx.doi.org/10.1002/14651858.CD001055.pub5",
    "http://dx.doi.org/10.1002/14651858.CD006183.pub2",
    "http://dx.doi.org/10.1002/14651858.CD001284.pub2",
    "http://dx.doi.org/10.1002/14651858.CD010010.pub3",
    "http://dx.doi.org/10.1002/14651858.CD004753.pub4",
    "http://dx.doi.org/10.1002/14651858.CD012599",
    "http://dx.doi.org/10.1002/14651858.CD011135.pub2",
    "http://dx.doi.org/10.1002/14651858.CD012200.pub2",
    "http://dx.doi.org/10.1002/14651858.CD012332.pub2",
    "http://dx.doi.org/10.1002/14651858.CD005987.pub3",
    "http://dx.doi.org/10.1002/14651858.CD011880.pub2",
    "http://dx.doi.org/10.1002/14651858.CD010031.pub2",
    "http://dx.doi.org/10.1002/14651858.CD001755.pub2",
    "http://dx.doi.org/10.1002/14651858.CD009761.pub2",
    "http://dx.doi.org/10.1002/14651858.CD003053.pub6",
    "http://dx.doi.org/10.1002/14651858.CD008349.pub4",
    "http://dx.doi.org/10.1002/14651858.CD001180.pub4",
    "http://dx.doi.org/10.1002/14651858.CD011244.pub2",
    "http://dx.doi.org/10.1002/14651858.CD011110.pub3",
    "http://dx.doi.org/10.1002/14651858.CD006945.pub4",
    "http://dx.doi.org/10.1002/14651858.CD012447.pub2",
    "http://dx.doi.org/10.1002/14651858.CD006458.pub4",
    "http://dx.doi.org/10.1002/14651858.CD006324.pub3",
    "http://dx.doi.org/10.1002/14651858.CD010914.pub2",
    "http://dx.doi.org/10.1002/14651858.CD011891.pub2",
    "http://dx.doi.org/10.1002/14651858.CD012217.pub2",
    "http://dx.doi.org/10.1002/14651858.CD011367.pub2",
    "http://dx.doi.org/10.1002/14651858.CD011499.pub2",
    "http://dx.doi.org/10.1002/14651858.CD009277.pub2",
    "http://dx.doi.org/10.1002/14651858.CD009275.pub3",
    "http://dx.doi.org/10.1002/14651858.CD009540.pub2",
    "http://dx.doi.org/10.1002/14651858.CD011144.pub2",
    "http://dx.doi.org/10.1002/14651858.CD011987.pub2",
    "http://dx.doi.org/10.1002/14651858.CD008860.pub3",
    "http://dx.doi.org/10.1002/14651858.CD009319.pub3",
    "http://dx.doi.org/10.1002/14651858.CD011986.pub2",
